[LayerNorm_68]
scale_double = 3.300000
type = "LayerNorm"
scale_float = 2.200000
qweight = -128
weight = [ 1.000000, 2.000000, 3.000000, 4.000000 ]

[LayerNorm_66]
scale_double = 3.300000
scale_float = 2.200000
qweight = -128
weight = [ 1.000000, 2.000000, 3.000000, 4.000000 ]

[conv.0]
scale_double = 3.300000
scale_float = 2.200000
qweight = -1
weight = [ 1.000000, 2.000000, 3.000000, 4.000000 ]

