[conv.0]
qweight = -1
scale_double = 3.300000
scale_float = 2.200000
weight = [ 1.000000, 2.000000, 3.000000, 4.000000 ]

[LayerNorm_66]
qweight = -128
scale_double = 3.300000
scale_float = 2.200000
weight = [ 1.000000, 2.000000, 3.000000, 4.000000 ]

[LayerNorm_68]
qweight = -128
scale_double = 3.300000
scale_float = 2.200000
type = "LayerNorm"
weight = [ 1.000000, 2.000000, 3.000000, 4.000000 ]

