[conv.0]
weight = [ 1.000000, 2.000000, 3.000000, 4.000000 ]
qweight = -1
scale_float = 2.200000
scale_double = 3.300000

[LayerNorm_66]
weight = [ 1.000000, 2.000000, 3.000000, 4.000000 ]
qweight = -128
scale_float = 2.200000
scale_double = 3.300000

[LayerNorm_68]
weight = [ 1.000000, 2.000000, 3.000000, 4.000000 ]
qweight = -128
scale_float = 2.200000
type = "LayerNorm"
scale_double = 3.300000

